.Random.seed <-
c(403L, 1L, -845400460L, -1476376457L, -1503729299L, 1305759236L, 
-1754940118L, 1790548629L, 513585455L, 71697462L, -246964128L, 
2009286307L, -1656503871L, -834601552L, -1346964274L, 920183353L, 
708506699L, 90969594L, -2003201796L, 1526498623L, 1894464021L, 
248910124L, -661945854L, -331460387L, -1525701673L, 1259577022L, 
-479090440L, 358373083L, -513495751L, -1156302712L, 710328374L, 
99087473L, 1033387683L, -446630926L, -1410365628L, -170588153L, 
-1601968675L, 1933124308L, 2073406970L, -2046082747L, 1478755743L, 
-472369370L, -2075519056L, -264457133L, 2101407601L, 1205249696L, 
1755761214L, 2109071689L, -750592005L, 1787986890L, 540548396L, 
1740534063L, -2033393691L, 753827484L, -351630606L, 551103341L, 
-1923345241L, -1560850738L, 1914872872L, 287291435L, 1789688393L, 
-1601776808L, 1403280902L, -2066929695L, 1047704947L, 1556356578L, 
1330155860L, -1047830441L, 2039016525L, -1832820764L, -764875318L, 
-487721931L, -1909009777L, -1368355946L, 32331584L, 1797536259L, 
-814096351L, -1056388336L, 728901870L, 211011737L, 1395719467L, 
-1822788582L, 2005837532L, -1668591905L, 1519134901L, 985308748L, 
-1674542430L, -333706755L, -1180941577L, -1540627426L, 2010853080L, 
1901220411L, 2018291673L, -259852952L, 1512572054L, -498597359L, 
-801276989L, 1606887378L, 1168118372L, -1616563801L, -1112699139L, 
-248775948L, 756452826L, 204243237L, 37853247L, 622548934L, -104256432L, 
-690995085L, 1169691793L, -740334400L, 1800382110L, 2059033193L, 
-462792037L, -1886398550L, 555238348L, 1356914319L, -1675018555L, 
-1591429508L, -963618094L, -998855091L, -1782103289L, -1249220882L, 
-2122775608L, 775697611L, 170585385L, 1217486200L, 412492454L, 
-649607999L, 1768658259L, -2043506174L, 1374374708L, -589518665L, 
431435949L, 1388948932L, -1773642262L, -1617231275L, 876145647L, 
1147702262L, 1086692640L, 1995764451L, 1460429697L, -873302544L, 
-1671164786L, -1361333255L, -1955212917L, 959335866L, -2111712068L, 
-1972254721L, -1092999851L, 1059632748L, -1529085246L, 94373149L, 
-1343177833L, 1669328638L, -1710306120L, -1752686949L, 889146617L, 
1794223688L, 588171638L, 1108553905L, 2018370787L, 1691579314L, 
-1625912316L, -372961465L, -1775319523L, 303094932L, -1220211654L, 
-353622395L, 324720479L, 665860070L, 1334573680L, 937217427L, 
1672362545L, 1435498720L, 1298698622L, -1309813751L, 96687163L, 
-1724237302L, 425378284L, 1102714479L, 56662437L, 274211164L, 
-827376334L, 2104042541L, 1074010855L, 1864650766L, 775676392L, 
1514120171L, 1687927945L, -176920552L, -1982802106L, -1701509727L, 
1465621555L, 414478754L, -1085037420L, 1885623063L, -993829619L, 
549706788L, -136057846L, 1147818357L, 400058575L, -1218819114L, 
896287616L, -1821042749L, 95764833L, 1233356752L, 162991918L, 
-1869172007L, -1476947733L, 2142077274L, -1936823524L, -1097802209L, 
38282869L, 424137484L, 1483460322L, 1868030909L, 284922935L, 
-1716013346L, -673021416L, -1286255237L, -921238247L, -619378264L, 
649395542L, 2042691025L, -199920253L, -354456558L, 478562212L, 
-1184055449L, -783352643L, -950240316L, 1554570584L, -146607750L, 
-334263376L, -1410907716L, -1409497004L, 1382330306L, -2040432608L, 
-835643204L, -1130708400L, -476427294L, 2098341992L, -918733748L, 
-1871677188L, 356875250L, -1085286144L, -740540044L, -136281080L, 
1130954682L, -522153520L, -1914020884L, 74217876L, -1644199470L, 
-32419488L, -1464996020L, -1159108320L, -1538238590L, 1962921704L, 
251666668L, -1405590468L, 350698354L, 1337722480L, -1506718684L, 
1539375928L, -1276199782L, -1622046000L, 1132929212L, 978214548L, 
402878082L, 835631296L, -337503428L, 401943696L, 177471010L, 
-1545142264L, 1811170572L, -852925284L, -1809293806L, -1454248064L, 
204514836L, -788463064L, -935424710L, -1396284976L, -593486740L, 
-368101068L, -1756139886L, 1513190240L, 790963020L, -530810912L, 
844183458L, 1413035944L, 752881036L, 1757114556L, 294728050L, 
-282497808L, 166309956L, 1179031896L, 1258610234L, 1082301296L, 
-956852164L, 692172564L, -867230270L, 220648160L, 2019913596L, 
-956260656L, -366686046L, 261686312L, 438535436L, -2021273668L, 
450588978L, 965194176L, 980146740L, 8860616L, 194531514L, -868628080L, 
-923391508L, 269261396L, -1475630958L, 181503776L, 1103933900L, 
-1958181408L, 330340034L, 1769036840L, 958929580L, 496735420L, 
-1260822030L, -52305616L, 1825791140L, 1572359864L, -1503056550L, 
1951321488L, 1984117628L, -1582595820L, 1371198274L, -224515328L, 
-1630922820L, 743769936L, 603714338L, 872445256L, 1283097100L, 
-1622583204L, -1260063534L, 971186688L, 827348308L, -2137021976L, 
-1507914758L, 1803014352L, -2039329492L, 356319988L, -1219350126L, 
395412576L, -1702785780L, -1556430112L, 97997154L, -57443672L, 
1788895820L, 937994620L, 476536114L, 921714800L, 824844100L, 
626939352L, 1003854970L, -1285337552L, -47639876L, 1004164948L, 
1318007874L, -1507402336L, 952142524L, -635530800L, 1751078242L, 
884326376L, -305332276L, 2083792636L, -1582679566L, -55398272L, 
-88253196L, 1140178568L, -1904627910L, -1387496624L, -1024139668L, 
-499959660L, -1176196782L, -4499744L, -744973620L, 1757130912L, 
1211276162L, -1883712792L, 127693548L, -1548055492L, 1789160050L, 
-233946000L, -1813922268L, 1364425784L, -1449359334L, -1763853616L, 
-827634628L, 250283156L, 1373723778L, -1130446912L, 770847036L, 
-1192043888L, 2029593634L, -1545976824L, 2117175436L, 376992796L, 
732458642L, 414385280L, 1528041492L, -217244376L, 63499834L, 
-2050405168L, -899038100L, -2093161804L, 2065420306L, -158066720L, 
1105663948L, -1046217248L, 1956853282L, 1249927464L, -837723892L, 
455018044L, 1616769266L, -774429968L, -1143782588L, -408694184L, 
-700655046L, -1904247056L, -439655236L, -1082239468L, 1774860482L, 
479541344L, 1730221436L, 1713951952L, 246340642L, -1177066840L, 
759601036L, 994537916L, -783600590L, -1460848832L, -767256396L, 
1293208392L, 517528250L, -101673200L, 713269484L, -912554924L, 
1983844114L, 583605152L, -497356852L, 977947488L, -2028023614L, 
1368057384L, 433735084L, -994009284L, -335931534L, 1853795120L, 
256651812L, 1995675704L, -1327979302L, 2115882592L, 160756798L, 
384242955L, -1461999731L, 1479046330L, -1030262024L, -720951135L, 
-1022505901L, 110165876L, -377180926L, 516601239L, 1483870049L, 
657865638L, -1525901916L, -702395307L, -471416577L, 1768830360L, 
-346440010L, -1183973565L, -1796337019L, 998086434L, 2088289296L, 
2001225657L, -1642272661L, 1741218652L, -5287286L, 951553663L, 
1724891081L, -509422498L, -1861763316L, -392397091L, 427739111L, 
542723088L, 563355950L, 1075537371L, -340219203L, -1890709462L, 
93235400L, -1855443471L, 1457052515L, 558545764L, 1065267858L, 
-11604121L, -1039744719L, -349410698L, -1359357036L, 197431205L, 
-1771233105L, -597795480L, -1788584634L, 457325811L, -389029291L, 
2138684978L, -472720384L, 1590948073L, 203507547L, -2013904468L, 
-928489030L, -307495057L, 1282187513L, -647826034L, 1375103068L, 
-310785331L, -319181257L, -1170860864L, 148499358L, -750479253L, 
839104493L, 850303578L, 1249426712L, 830212737L, 2143451187L, 
-1443799468L, -1629111710L, 1998654711L, 374634305L, -924715578L, 
-88627452L, -1162546507L, 1361030559L, -1258429960L, 1117777878L, 
-542954909L, -235384283L, 894990786L, 603160240L, 913229529L, 
789364811L, -1896243524L, -1687368470L, -2022319841L, 1805355433L, 
-1203425474L, 734378540L, 763971709L, -588399929L, -1823226960L, 
687822286L, 514483963L, 332569949L, -698378614L, -166431576L, 
-245616623L, -482500349L, 1882721284L, 360842290L, -2058818425L, 
883902673L, -1518589354L, -733695436L, 346011973L, 1524900751L, 
-2123929848L, -1017114330L, 530493907L, 624237365L, 1153833618L, 
1616625248L, 1496713161L, 2094102267L, 577116364L, -709357222L, 
-2082333617L, -722513639L, -687920338L, 1865921852L, -1640549715L, 
2117193047L, -1938641760L, 1109805566L, -232827701L, -1222262067L, 
713367034L, 1822158392L, -118459423L, -1271276397L, -1226918220L, 
-183260222L, -489975849L, 614899745L, 1131603942L, 821781220L, 
